****************************************************
RESULTATS DE SIMULATION POUR K = 20
****************************************************


NOUVELLE BONNE SOLUTION DE TAILLE :  21
NB d incription tabou = 0
NB d évaluations tabou = 1
NB d évaluations de solutions = 0
1	0	0	0	0	0	0	0	0	0	0	0	0	0	0	0	0	0	0	0	
0	1	0	0	0	0	0	0	0	0	0	0	0	0	0	0	0	0	0	0	
0	0	1	0	0	0	0	0	0	0	0	0	0	0	0	0	0	0	0	0	
0	0	0	1	0	0	0	0	0	0	0	0	0	0	0	0	0	0	0	0	
0	0	0	0	1	0	0	0	0	0	0	0	0	0	0	0	0	0	0	0	
0	0	0	0	0	1	0	0	0	0	0	0	0	0	0	0	0	0	0	0	
0	0	0	0	0	0	1	0	0	0	0	0	0	0	0	0	0	0	0	0	
0	0	0	0	0	0	0	1	0	0	0	0	0	0	0	0	0	0	0	0	
0	0	0	0	0	0	0	0	1	0	0	0	0	0	0	0	0	0	0	0	
0	0	0	0	0	0	0	0	0	1	0	0	0	0	0	0	0	0	0	0	
0	0	0	0	0	0	0	0	0	0	1	0	0	0	0	0	0	0	0	0	
0	0	0	0	0	0	0	0	0	0	0	1	0	0	0	0	0	0	0	0	
0	0	0	0	0	0	0	0	0	0	0	0	1	0	0	0	0	0	0	0	
0	0	0	0	0	0	0	0	0	0	0	0	0	1	0	0	0	0	0	0	
0	0	0	0	0	0	0	0	0	0	0	0	0	0	1	0	0	0	0	0	
0	0	0	0	0	0	0	0	0	0	0	0	0	0	0	1	0	0	0	0	
0	0	0	0	0	0	0	0	0	0	0	0	0	0	0	0	1	0	0	0	
0	0	0	0	0	0	0	0	0	0	0	0	0	0	0	0	0	1	0	0	
0	0	0	0	0	0	0	0	0	0	0	0	0	0	0	0	0	0	1	0	
0	0	0	0	0	0	0	0	0	0	0	0	0	0	0	0	0	0	0	1	
0	0	0	0	0	0	0	0	0	0	0	0	0	0	0	0	0	0	0	0	


NOUVELLE BONNE SOLUTION DE TAILLE :  20
NB d incription tabou = 1
NB d évaluations tabou = 1
NB d évaluations de solutions = 1
0	0	0	0	0	0	0	0	0	0	0	0	0	0	0	0	0	0	0	0	
1	1	1	0	1	0	1	0	0	1	1	0	0	0	1	0	0	1	0	1	
0	1	1	0	0	1	1	0	0	1	0	1	1	0	0	0	0	0	1	1	
0	1	0	0	0	0	1	0	1	0	0	0	0	1	1	0	1	1	1	0	
1	1	0	0	1	1	0	0	1	1	0	1	0	0	0	1	0	1	0	0	
1	0	0	1	0	0	0	1	1	0	0	0	1	1	1	0	1	1	0	1	
1	1	1	0	1	0	0	1	0	0	1	0	0	0	0	0	0	0	1	1	
1	1	0	1	0	0	0	1	0	1	1	1	0	0	1	0	0	1	1	0	
0	1	0	0	0	0	1	1	1	0	0	0	1	0	0	0	1	0	1	0	
0	0	1	0	0	1	0	1	0	1	0	0	0	0	1	0	0	0	0	1	
1	1	0	1	1	1	0	1	0	0	1	0	1	0	1	0	1	0	0	0	
0	0	1	0	0	0	0	1	0	1	1	1	0	1	1	0	0	0	0	0	
1	0	0	1	0	1	0	0	0	1	1	0	0	1	1	1	1	0	0	0	
1	0	0	0	1	1	0	0	1	1	0	0	0	0	1	1	1	0	1	0	
0	0	1	0	0	1	0	1	0	0	0	1	1	0	1	1	1	1	0	0	
1	1	0	1	1	0	1	0	0	1	1	0	0	0	0	0	0	1	0	0	
0	1	1	0	0	0	0	0	1	1	0	0	0	0	0	0	1	1	1	1	
0	1	0	1	1	0	0	1	1	1	0	1	1	0	0	0	0	0	0	0	
1	0	0	0	0	0	1	1	0	1	1	0	0	1	0	0	0	1	0	1	
1	0	0	1	1	0	0	1	0	0	1	0	0	0	1	1	0	0	0	1	


NOUVELLE BONNE SOLUTION DE TAILLE :  19
NB d incription tabou = 1
NB d évaluations tabou = 1
NB d évaluations de solutions = 1
0	0	0	0	0	0	0	0	0	0	0	0	0	0	0	0	0	0	0	0	
1	1	1	0	1	0	1	0	0	1	1	0	0	0	1	0	0	1	0	1	
0	1	1	0	0	1	1	0	0	1	0	1	1	0	0	0	0	0	1	1	
0	1	0	0	0	0	1	0	1	0	0	0	0	1	1	0	1	1	1	0	
1	1	0	0	1	1	0	0	1	1	0	1	0	0	0	1	0	1	0	0	
1	0	0	1	0	0	0	1	1	0	0	0	1	1	1	0	1	1	0	1	
1	1	1	0	1	0	0	1	0	0	1	0	0	0	0	0	0	0	1	1	
1	1	0	1	0	0	0	1	0	1	1	1	0	0	1	0	0	1	1	0	
0	1	0	0	0	0	1	1	1	0	0	0	1	0	0	0	1	0	1	0	
0	0	1	0	0	1	0	1	0	1	0	0	0	0	1	0	0	0	0	1	
1	1	0	1	1	1	0	1	0	0	1	0	1	0	1	0	1	0	0	0	
0	0	1	0	0	0	0	1	0	1	1	1	0	1	1	0	0	0	0	0	
1	0	0	1	0	1	0	0	0	1	1	0	0	1	1	1	1	0	0	0	
1	0	0	0	1	1	0	0	1	1	0	0	0	0	1	1	1	0	1	0	
0	0	1	0	0	1	0	1	0	0	0	1	1	0	1	1	1	1	0	0	
1	1	0	1	1	0	1	0	0	1	1	0	0	0	0	0	0	1	0	0	
0	1	1	0	0	0	0	0	1	1	0	0	0	0	0	0	1	1	1	1	
0	1	0	1	1	0	0	1	1	1	0	1	1	0	0	0	0	0	0	0	
1	0	0	0	0	0	1	1	0	1	1	0	0	1	0	0	0	1	0	1	


NOUVELLE BONNE SOLUTION DE TAILLE :  18
NB d incription tabou = 2
NB d évaluations tabou = 1
NB d évaluations de solutions = 2
0	0	0	0	0	0	0	0	0	0	0	0	0	0	0	0	0	0	0	0	
1	1	1	0	1	0	1	0	0	1	1	0	0	0	1	0	0	1	0	1	
0	1	1	0	0	1	1	0	0	1	0	1	1	0	0	0	0	0	1	1	
0	1	0	0	0	0	1	0	1	0	0	0	0	1	1	0	1	1	1	0	
1	1	0	0	1	1	0	0	1	1	0	1	0	0	0	1	0	1	0	0	
1	0	0	1	0	0	0	1	1	0	0	0	1	1	1	0	1	1	0	1	
1	1	1	0	1	0	0	1	0	0	1	0	0	0	0	0	0	0	1	1	
1	1	0	1	0	0	0	1	0	1	1	1	0	0	1	0	0	1	1	0	
0	1	0	0	0	0	1	1	1	0	0	0	1	0	0	0	1	0	1	0	
0	0	1	0	0	1	0	1	0	1	0	0	0	0	1	0	0	0	0	1	
1	1	0	1	1	1	0	1	0	0	1	0	1	0	1	0	1	0	0	0	
0	0	1	0	0	0	0	1	0	1	1	1	0	1	1	0	0	0	0	0	
1	0	0	1	0	1	0	0	0	1	1	0	0	1	1	1	1	0	0	0	
1	0	0	0	1	1	0	0	1	1	0	0	0	0	1	1	1	0	1	0	
0	0	1	0	0	1	0	1	0	0	0	1	1	0	1	1	1	1	0	0	
1	1	0	1	1	0	1	0	0	1	1	0	0	0	0	0	0	1	0	0	
0	1	1	0	0	0	0	0	1	1	0	0	0	0	0	0	1	1	1	1	
0	1	0	1	1	0	0	1	1	1	0	1	1	0	0	0	0	0	0	0	


NOUVELLE BONNE SOLUTION DE TAILLE :  17
NB d incription tabou = 3
NB d évaluations tabou = 1
NB d évaluations de solutions = 3
0	0	0	0	0	0	0	0	0	0	0	0	0	0	0	0	0	0	0	0	
1	1	1	0	1	0	1	0	0	1	1	0	0	0	1	0	0	1	0	1	
0	1	1	0	0	1	1	0	0	1	0	1	1	0	0	0	0	0	1	1	
0	1	0	0	0	0	1	0	1	0	0	0	0	1	1	0	1	1	1	0	
1	1	0	0	1	1	0	0	1	1	0	1	0	0	0	1	0	1	0	0	
1	0	0	1	0	0	0	1	1	0	0	0	1	1	1	0	1	1	0	1	
1	1	1	0	1	0	0	1	0	0	1	0	0	0	0	0	0	0	1	1	
1	1	0	1	0	0	0	1	0	1	1	1	0	0	1	0	0	1	1	0	
0	1	0	0	0	0	1	1	1	0	0	0	1	0	0	0	1	0	1	0	
0	0	1	0	0	1	0	1	0	1	0	0	0	0	1	0	0	0	0	1	
1	1	0	1	1	1	0	1	0	0	1	0	1	0	1	0	1	0	0	0	
0	0	1	0	0	0	0	1	0	1	1	1	0	1	1	0	0	0	0	0	
1	0	0	1	0	1	0	0	0	1	1	0	0	1	1	1	1	0	0	0	
1	0	0	0	1	1	0	0	1	1	0	0	0	0	1	1	1	0	1	0	
0	0	1	0	0	1	0	1	0	0	0	1	1	0	1	1	1	1	0	0	
1	1	0	1	1	0	1	0	0	1	1	0	0	0	0	0	0	1	0	0	
0	1	1	0	0	0	0	0	1	1	0	0	0	0	0	0	1	1	1	1	


NOUVELLE BONNE SOLUTION DE TAILLE :  16
NB d incription tabou = 4
NB d évaluations tabou = 1
NB d évaluations de solutions = 4
0	0	0	0	0	0	0	0	0	0	0	0	0	0	0	0	0	0	0	0	
1	1	1	0	1	0	1	0	0	1	1	0	0	0	1	0	0	1	0	1	
0	1	1	0	0	1	1	0	0	1	0	1	1	0	0	0	0	0	1	1	
0	1	0	0	0	0	1	0	1	0	0	0	0	1	1	0	1	1	1	0	
1	1	0	0	1	1	0	0	1	1	0	1	0	0	0	1	0	1	0	0	
1	0	0	1	0	0	0	1	1	0	0	0	1	1	1	0	1	1	0	1	
1	1	1	0	1	0	0	1	0	0	1	0	0	0	0	0	0	0	1	1	
1	1	0	1	0	0	0	1	0	1	1	1	0	0	1	0	0	1	1	0	
0	1	0	0	0	0	1	1	1	0	0	0	1	0	0	0	1	0	1	0	
0	0	1	0	0	1	0	1	0	1	0	0	0	0	1	0	0	0	0	1	
1	1	0	1	1	1	0	1	0	0	1	0	1	0	1	0	1	0	0	0	
0	0	1	0	0	0	0	1	0	1	1	1	0	1	1	0	0	0	0	0	
1	0	0	1	0	1	0	0	0	1	1	0	0	1	1	1	1	0	0	0	
1	0	0	0	1	1	0	0	1	1	0	0	0	0	1	1	1	0	1	0	
0	0	1	0	0	1	0	1	0	0	0	1	1	0	1	1	1	1	0	0	
1	1	0	1	1	0	1	0	0	1	1	0	0	0	0	0	0	1	0	0	


NOUVELLE BONNE SOLUTION DE TAILLE :  15
NB d incription tabou = 5
NB d évaluations tabou = 1
NB d évaluations de solutions = 5
0	0	0	0	0	0	0	0	0	0	0	0	0	0	0	0	0	0	0	0	
1	1	1	0	1	0	1	0	0	1	1	0	0	0	1	0	0	1	0	1	
0	1	1	0	0	1	1	0	0	1	0	1	1	0	0	0	0	0	1	1	
0	1	0	0	0	0	1	0	1	0	0	0	0	1	1	0	1	1	1	0	
1	1	0	0	1	1	0	0	1	1	0	1	0	0	0	1	0	1	0	0	
1	0	0	1	0	0	0	1	1	0	0	0	1	1	1	0	1	1	0	1	
1	1	1	0	1	0	0	1	0	0	1	0	0	0	0	0	0	0	1	1	
1	1	0	1	0	0	0	1	0	1	1	1	0	0	1	0	0	1	1	0	
0	1	0	0	0	0	1	1	1	0	0	0	1	0	0	0	1	0	1	0	
0	0	1	0	0	1	0	1	0	1	0	0	0	0	1	0	0	0	0	1	
1	1	0	1	1	1	0	1	0	0	1	0	1	0	1	0	1	0	0	0	
0	0	1	0	0	0	0	1	0	1	1	1	0	1	1	0	0	0	0	0	
1	0	0	1	0	1	0	0	0	1	1	0	0	1	1	1	1	0	0	0	
1	0	0	0	1	1	0	0	1	1	0	0	0	0	1	1	1	0	1	0	
0	0	1	0	0	1	0	1	0	0	0	1	1	0	1	1	1	1	0	0	


NOUVELLE BONNE SOLUTION DE TAILLE :  14
NB d incription tabou = 6
NB d évaluations tabou = 1
NB d évaluations de solutions = 6
0	0	0	0	0	0	0	0	0	0	0	0	0	0	0	0	0	0	0	0	
1	1	1	0	1	0	1	0	0	1	1	0	0	0	1	0	0	1	0	1	
0	1	1	0	0	1	1	0	0	1	0	1	1	0	0	0	0	0	1	1	
0	1	0	0	0	0	1	0	1	0	0	0	0	1	1	0	1	1	1	0	
1	1	0	0	1	1	0	0	1	1	0	1	0	0	0	1	0	1	0	0	
1	0	0	1	0	0	0	1	1	0	0	0	1	1	1	0	1	1	0	1	
1	1	1	0	1	0	0	1	0	0	1	0	0	0	0	0	0	0	1	1	
1	1	0	1	0	0	0	1	0	1	1	1	0	0	1	0	0	1	1	0	
0	1	0	0	0	0	1	1	1	0	0	0	1	0	0	0	1	0	1	0	
0	0	1	0	0	1	0	1	0	1	0	0	0	0	1	0	0	0	0	1	
1	1	0	1	1	1	0	1	0	0	1	0	1	0	1	0	1	0	0	0	
0	0	1	0	0	0	0	1	0	1	1	1	0	1	1	0	0	0	0	0	
1	0	0	1	0	1	0	0	0	1	1	0	0	1	1	1	1	0	0	0	
1	0	0	0	1	1	0	0	1	1	0	0	0	0	1	1	1	0	1	0	


NOUVELLE BONNE SOLUTION DE TAILLE :  13
NB d incription tabou = 19
NB d évaluations tabou = 12
NB d évaluations de solutions = 19
0	0	0	0	0	0	0	0	0	0	0	0	0	0	0	0	0	0	0	0	
1	1	1	0	1	0	1	0	0	1	1	0	0	0	1	0	0	1	0	1	
0	1	1	0	0	1	1	0	0	1	0	1	1	0	0	0	0	0	1	1	
0	1	0	0	0	0	1	0	1	0	0	0	0	1	1	0	1	1	1	0	
1	1	0	0	1	1	0	0	1	1	0	1	0	0	0	1	0	1	0	0	
1	0	0	1	0	0	0	1	1	0	0	0	1	1	1	0	1	1	0	1	
1	1	1	0	1	0	0	1	0	0	1	0	0	0	0	0	0	0	1	1	
1	1	0	1	0	0	0	1	0	1	1	1	0	0	1	0	0	1	1	0	
0	1	0	0	0	0	1	1	1	0	0	0	1	0	0	0	1	0	1	0	
0	0	1	0	0	1	0	1	0	1	0	0	0	0	1	0	0	0	0	1	
1	1	0	1	1	1	0	1	0	0	1	0	1	0	1	0	1	0	0	0	
0	0	1	0	0	0	0	1	0	1	1	1	0	1	1	0	0	0	0	0	
0	1	0	1	1	0	1	1	0	0	0	0	0	1	0	0	1	0	0	0	

