****************************************************
RESULTATS DE SIMULATION POUR K = 15
****************************************************


NOUVELLE BONNE SOLUTION DE TAILLE :  16
NB d incription tabou = 0
NB d évaluations tabou = 1
NB d évaluations de solutions = 0
1	0	0	0	0	0	0	0	0	0	0	0	0	0	0	
0	1	0	0	0	0	0	0	0	0	0	0	0	0	0	
0	0	1	0	0	0	0	0	0	0	0	0	0	0	0	
0	0	0	1	0	0	0	0	0	0	0	0	0	0	0	
0	0	0	0	1	0	0	0	0	0	0	0	0	0	0	
0	0	0	0	0	1	0	0	0	0	0	0	0	0	0	
0	0	0	0	0	0	1	0	0	0	0	0	0	0	0	
0	0	0	0	0	0	0	1	0	0	0	0	0	0	0	
0	0	0	0	0	0	0	0	1	0	0	0	0	0	0	
0	0	0	0	0	0	0	0	0	1	0	0	0	0	0	
0	0	0	0	0	0	0	0	0	0	1	0	0	0	0	
0	0	0	0	0	0	0	0	0	0	0	1	0	0	0	
0	0	0	0	0	0	0	0	0	0	0	0	1	0	0	
0	0	0	0	0	0	0	0	0	0	0	0	0	1	0	
0	0	0	0	0	0	0	0	0	0	0	0	0	0	1	
0	0	0	0	0	0	0	0	0	0	0	0	0	0	0	


NOUVELLE BONNE SOLUTION DE TAILLE :  15
NB d incription tabou = 1
NB d évaluations tabou = 1
NB d évaluations de solutions = 1
0	0	0	0	0	0	0	0	0	0	0	0	0	0	0	
1	1	0	1	0	0	0	0	0	1	1	1	0	1	0	
1	1	0	0	0	0	0	1	1	0	1	0	0	1	1	
0	0	0	1	0	0	1	0	0	0	0	1	1	0	1	
0	1	0	1	1	0	0	1	1	0	0	1	1	0	0	
0	0	1	1	0	0	1	0	0	1	0	1	0	1	0	
0	1	0	0	0	0	0	0	0	1	0	0	1	0	0	
0	1	1	0	0	0	1	0	0	1	0	0	1	0	1	
1	0	0	0	0	1	1	0	1	1	0	1	0	1	0	
0	1	0	1	1	0	1	0	0	0	0	0	0	1	1	
1	1	0	1	0	1	0	0	1	0	1	1	0	0	0	
0	1	1	0	1	0	1	0	0	0	1	0	1	0	1	
0	1	1	1	0	0	1	1	0	1	0	0	0	1	0	
0	0	0	1	0	1	0	1	0	0	1	1	0	0	1	
0	1	0	0	1	0	0	1	0	0	1	0	1	1	1	


NOUVELLE BONNE SOLUTION DE TAILLE :  14
NB d incription tabou = 1
NB d évaluations tabou = 1
NB d évaluations de solutions = 1
0	0	0	0	0	0	0	0	0	0	0	0	0	0	0	
1	1	0	1	0	0	0	0	0	1	1	1	0	1	0	
1	1	0	0	0	0	0	1	1	0	1	0	0	1	1	
0	0	0	1	0	0	1	0	0	0	0	1	1	0	1	
0	1	0	1	1	0	0	1	1	0	0	1	1	0	0	
0	0	1	1	0	0	1	0	0	1	0	1	0	1	0	
0	1	0	0	0	0	0	0	0	1	0	0	1	0	0	
0	1	1	0	0	0	1	0	0	1	0	0	1	0	1	
1	0	0	0	0	1	1	0	1	1	0	1	0	1	0	
0	1	0	1	1	0	1	0	0	0	0	0	0	1	1	
1	1	0	1	0	1	0	0	1	0	1	1	0	0	0	
0	1	1	0	1	0	1	0	0	0	1	0	1	0	1	
0	1	1	1	0	0	1	1	0	1	0	0	0	1	0	
0	0	0	1	0	1	0	1	0	0	1	1	0	0	1	


NOUVELLE BONNE SOLUTION DE TAILLE :  13
NB d incription tabou = 2
NB d évaluations tabou = 1
NB d évaluations de solutions = 2
0	0	0	0	0	0	0	0	0	0	0	0	0	0	0	
1	1	0	1	0	0	0	0	0	1	1	1	0	1	0	
1	1	0	0	0	0	0	1	1	0	1	0	0	1	1	
0	0	0	1	0	0	1	0	0	0	0	1	1	0	1	
0	1	0	1	1	0	0	1	1	0	0	1	1	0	0	
0	0	1	1	0	0	1	0	0	1	0	1	0	1	0	
0	1	0	0	0	0	0	0	0	1	0	0	1	0	0	
0	1	1	0	0	0	1	0	0	1	0	0	1	0	1	
1	0	0	0	0	1	1	0	1	1	0	1	0	1	0	
0	1	0	1	1	0	1	0	0	0	0	0	0	1	1	
1	1	0	1	0	1	0	0	1	0	1	1	0	0	0	
0	1	1	0	1	0	1	0	0	0	1	0	1	0	1	
0	1	1	1	0	0	1	1	0	1	0	0	0	1	0	


NOUVELLE BONNE SOLUTION DE TAILLE :  12
NB d incription tabou = 4
NB d évaluations tabou = 1
NB d évaluations de solutions = 4
0	0	0	0	0	0	0	0	0	0	0	0	0	0	0	
1	0	1	0	0	0	0	0	0	0	0	0	1	1	0	
1	1	0	0	0	0	0	1	1	0	1	0	0	1	1	
0	0	0	1	0	0	1	0	0	0	0	1	1	0	1	
0	1	0	1	1	0	0	1	1	0	0	1	1	0	0	
0	0	1	1	0	0	1	0	0	1	0	1	0	1	0	
0	1	0	0	0	0	0	0	0	1	0	0	1	0	0	
0	1	1	0	0	0	1	0	0	1	0	0	1	0	1	
1	0	0	0	0	1	1	0	1	1	0	1	0	1	0	
0	1	0	1	1	0	1	0	0	0	0	0	0	1	1	
1	1	0	1	0	1	0	0	1	0	1	1	0	0	0	
0	1	1	0	1	0	1	0	0	0	1	0	1	0	1	


NOUVELLE BONNE SOLUTION DE TAILLE :  11
NB d incription tabou = 2
NB d évaluations tabou = 1
NB d évaluations de solutions = 2
0	0	0	0	0	0	0	0	0	0	0	0	0	0	0	
1	0	1	1	0	0	0	0	0	0	0	0	1	1	0	
1	1	0	0	0	0	0	1	1	0	1	0	0	1	1	
0	0	0	1	0	0	1	0	0	0	0	1	1	0	1	
0	1	0	1	1	0	0	1	1	0	0	1	1	0	0	
0	0	1	1	0	0	1	0	0	1	0	1	0	1	0	
0	1	0	0	0	0	0	0	0	1	0	0	1	0	0	
0	1	1	0	0	0	1	0	0	1	0	0	1	0	1	
1	0	0	0	0	1	1	0	1	1	0	1	0	1	0	
0	1	0	1	1	0	1	0	0	0	0	0	0	1	1	
1	1	0	1	0	1	0	0	1	0	1	1	0	0	0	


NOUVELLE BONNE SOLUTION DE TAILLE :  10
NB d incription tabou = 43
NB d évaluations tabou = 71
NB d évaluations de solutions = 43
0	0	0	0	0	0	0	0	0	0	0	0	0	0	0	
1	1	0	1	0	1	0	0	0	1	1	1	0	1	0	
1	1	0	0	0	0	0	1	1	0	1	0	0	1	1	
0	0	0	1	0	0	1	0	0	0	0	1	1	0	1	
0	1	0	1	1	0	0	1	1	0	0	1	1	0	0	
1	0	1	1	0	0	0	0	1	1	0	0	0	0	1	
0	0	0	1	0	1	0	1	0	0	0	0	0	0	0	
0	1	1	0	0	0	1	0	0	1	0	0	1	0	1	
1	0	0	0	0	1	1	0	1	1	0	1	0	1	0	
0	1	0	1	1	0	1	0	0	0	0	0	0	1	1	

